g = 8/2;
a = 1+2;